chrom	loc.start	loc.end	eff.seg.len	normalized.ratio
10	92986	39138142	814538	0.907453182081668
10	42356124	135491096	2462313	0.90139266729414
11	86933	320954	23601	0.895370318585802
11	372633	372862	234	1.70791648068983
11	372962	759093	40847	0.954411738696561
11	759158	759173	33	2.31350732172957
11	759963	1027500	29154	0.884784903375042
11	1027649	1028326	300	0.474291384040018
11	1028747	49356281	1389156	0.924498118945921
11	49356378	49372848	340	1.67514079307842
11	49385454	51591178	34055	0.908633697105957
11	55032169	56099308	64003	0.911011723900457
11	56102528	56102728	265	1.55130553441797
11	56113407	56258831	10769	0.900073060180172
11	56263737	56267883	267	1.84591022520421
11	56267983	59481307	160759	0.923830092342002
11	59521926	59523054	170	2.33244085112515
11	59540501	62567920	248232	0.890983474858223
11	62567971	62568429	158	1.58217794600204
11	62568529	62763633	20100	0.912496405047
11	62763714	62763727	26	2.80082162097567
11	62766279	67552858	446013	0.698822671473656
11	67553628	67786221	9991	1.56723815259769
11	67786322	67849021	11372	2.54991382502312
11	67864361	68854550	49422	0.654176903164433
11	69034908	70349164	40643	2.10631469901741
11	70505801	71380793	18388	0.660718006960799
11	71380888	71380992	151	1.40050342491853
11	71381092	71850192	34435	0.647548187155604
11	71850292	71850592	400	0.402893329517841
11	71850692	73073147	56726	0.659406677663467
11	73073605	73073859	270	1.18910780921313
11	73074281	73471592	12034	0.623772100787545
11	73498877	73760650	19795	2.27566496484356
11	73765570	73933441	13281	0.890059310995928
11	73936212	73936312	184	0.453721025667673
11	73941116	75907714	75182	0.964906983431975
11	75917352	77301546	53826	2.52906469832807
11	77301646	78516521	62265	4.85726683536666
11	78523257	82571200	11856	2.60154555986168
11	82595647	89755014	138187	0.659180225994908
11	89768336	89819830	3236	0.48282334546163
11	89831671	103086587	226270	0.655672021719594
11	103090572	103090672	191	1.76121948386111
11	103091243	122023065	622422	0.645842720767126
11	122484156	122484209	100	1.80958443255939
11	122484277	134857615	323008	0.648194134609897
12	73207	12588741	662313	0.91957660716721
12	12604930	12605330	492	0.596235197518784
12	12618460	16109842	108449	0.927065973681267
12	16109942	16124786	700	0.623367487876182
12	16125475	34403220	386223	0.939804105467638
12	37935557	38472816	2850	0.938418239018078
12	38478592	38595757	238	1.53721882446454
12	38595857	48137425	200190	0.935179779220852
12	48137638	48137888	256	1.59570827609139
12	48140568	51213563	255366	0.905660436827115
12	51213628	51213639	26	2.37828270853803
12	51236790	110883388	1869625	0.924934862786015
12	110888006	110888123	133	2.06525976770249
12	110890715	133781039	807233	0.922721412327273
13	19042259	115091849	1559972	0.931523461694793
14	19114275	19566126	13457	1.10484647325777
14	19571270	19571470	247	2.23852429291532
14	19572981	24538663	399165	1.19801794280146
14	24538704	24538717	23	3.16020503435613
14	24542105	101510680	1937087	1.18901802014755
14	101512198	101512298	200	0.514502182569513
14	101512603	107283301	310080	1.16697029976499
15	20083676	28235809	199569	0.898060791219607
15	28235893	28259939	247	1.89225665163204
15	28260039	28924745	45676	0.923745866179839
15	28927141	28929252	290	1.57699482698288
15	28929352	102517816	2626662	0.912812881831092
16	66888	14721024	640347	1.46467676051781
16	14721124	14721270	143	2.4010255915129
16	14721897	20814221	267702	1.4448141177507
16	20814650	20818283	461	2.22814797435062
16	20818319	21416370	57198	1.45514195110346
16	21416428	21475196	379	2.56284942801825
16	21482958	34232980	621264	1.45511061761296
16	34285636	34956832	13120	0.66935977622279
16	35037086	35142764	1388	1.483097301591
16	46385867	55794636	233590	0.649817143294777
16	55801126	55824248	1967	0.969134279753273
16	55824348	56678771	42618	0.638519856462364
16	56682703	56682716	80	1.47615734940338
16	56682784	66957895	231751	0.653162576386453
16	66958617	66958717	200	0.298395564085646
16	66966081	67233208	31577	0.652877485611247
16	67233517	67233617	200	0.323670001673359
16	67233717	70048037	224122	0.641358081622373
16	70048137	70052000	217	1.2633182953883
16	70055563	70190807	9449	0.734152195604388
16	70208101	70208775	223	0.266035954003249
16	70211197	74719445	205466	0.658422407151439
16	74719528	75972623	49861	1.46111851383019
16	76268783	77926948	29420	2.34695937764091
16	78005547	84215757	104999	0.642310862985801
16	84215857	84215912	64	1.5480060865238
16	84216614	90244323	192875	0.648639390497242
17	54317	22261587	1314492	0.906910301825583
17	25289214	71364635	2365630	0.912864398547045
17	71375256	71375340	102	2.26205784938672
17	71375546	79409758	448603	0.918076084740658
17	79409990	79410159	176	1.72103585285779
17	79410210	80017909	53906	0.945833467756844
17	80018558	80019237	719	1.47263767926268
17	80019337	80540838	35846	0.922922822103143
17	80541770	80543638	417	1.58895801816605
17	80543738	81052169	26949	0.910087883882319
18	12732	94354	4635	1.13432571242092
18	108067	112276	456	0.74548412137088
18	112407	15326086	360984	1.19342058809496
18	18511079	78005228	935714	1.20157970564898
19	104955	4224442	240238	0.914047036511483
19	4229566	4233258	475	1.43798191596618
19	4234475	4352952	14010	0.929417135426784
19	4353052	4353095	36	2.46647884548754
19	4353923	15648866	958425	0.912879351019889
19	15648929	15648942	21	2.5136817167835
19	15651115	24346214	530668	0.925933327965742
19	27731830	44030798	874309	0.902451738286786
19	44038622	44047419	310	1.43858269011322
19	44047519	45015224	93816	0.899922609453605
19	45015324	45016174	479	1.42910529406422
19	45016840	47259966	151107	0.900947571314129
19	47260139	47260239	200	0.409214245561311
19	47278608	59110324	1064978	0.899481342315669
1	13296	13162931	560298	0.896194475171645
1	13163031	13165507	109	2.30243196860251
1	13171700	22084225	398075	0.88726436964562
1	22084325	22141061	430	1.4184633507106
1	22142263	69652201	1877154	0.904078845044829
1	70144036	70181817	276	1.95292366025236
1	70225763	100609728	620725	0.912957799434934
1	100609768	100609797	33	2.54489268156046
1	100613336	121485353	665784	0.899229459384234
1	142537544	145330147	69376	0.902295468267943
1	145330247	145330657	326	1.66878681521512
1	145352371	145360017	1082	0.895993359803256
1	145360082	145360683	193	1.74877404292095
1	145361239	155239565	700174	0.889230994319219
1	155239608	155239630	24	2.76979907904569
1	155240362	220368745	2254120	0.920852401822231
1	220368845	220368859	23	2.44703703392766
1	220369411	228550271	251475	0.929322227850975
1	228553167	228554708	614	1.31261773407653
1	228556277	229337906	14607	0.928345353777031
1	229385416	229385477	34	2.33961418030201
1	229422164	240176220	314928	0.930607668407025
1	240176320	240254992	425	0.636238488685755
1	240255613	246939872	131223	0.931706066508529
1	246943805	246943892	94	1.83689512908859
1	247004030	249230879	111149	0.890729877413649
20	68147	13868594	363273	0.920976239763952
20	13868997	13899754	961	1.33771399814102
20	13912123	20592163	128711	0.92547871494977
20	20599793	20600093	334	0.554457135351663
20	20600981	21695306	20792	0.932727828509543
20	21695406	21695522	129	1.70510784257116
20	21723386	23669522	23148	0.918441993616542
20	23669622	23691951	200	0.41428600106657
20	23728385	26258403	61744	0.928113456549427
20	29449362	32260316	148929	0.916086602744314
20	32264419	32264638	233	1.68389603603615
20	32264880	61430987	937974	0.911824736251036
20	61431072	61431092	40	2.37368604666988
20	61438835	62958776	111753	0.933348096989597
21	9590156	11181783	25185	0.980510881430055
21	14342454	28515784	119788	0.929740491131865
21	28515884	28573011	426	1.5143927512829
21	28739311	48084354	658452	0.916364973195537
22	16122820	16123755	910	0.998369163532064
22	16255221	16255621	430	0.367189996729871
22	16255651	16405719	8827	1.00958054297118
22	16405766	18300543	64429	0.663133282632484
22	18300643	18300743	112	1.17277315739188
22	18300756	20307142	107340	0.638699113778837
22	20307242	20670906	7367	0.422707999421085
22	20717869	21425389	65435	0.640069520133799
22	21470253	21563128	529	0.359253654504516
22	21568162	22517104	31699	0.64351915099683
22	22525677	22536886	354	0.329429906349526
22	22536986	37872830	607733	0.63720490946274
22	37872930	37875555	506	0.390484160427436
22	37876073	38964301	78482	0.649427533309094
22	38993132	38993232	200	0.218817999609209
22	39001198	51041555	501146	0.644306556605041
22	51041678	51041728	70	2.0278770526527
22	51043360	51237593	10630	0.665658033113458
2	41396	4562442	54273	0.92790631945048
2	4562542	5833190	561	1.49259866016131
2	6112161	9008706	25673	0.877201793000864
2	9008760	9008776	55	2.32841635022551
2	9013093	10350750	51123	0.90954011180196
2	10436143	10436243	200	0.383369135315334
2	10559872	24521652	230522	0.912089942425311
2	24521752	24522630	163	1.77662032541098
2	24522730	26598037	83064	0.899407659592109
2	26598137	26606220	140	2.00518244084541
2	26607766	31754542	283705	0.900128911838436
2	31756382	31756582	259	0.494917103758295
2	31758678	92325049	1322415	0.913541099776683
2	95391490	96591104	58231	0.89678407477314
2	96591254	96591282	38	2.21788408262978
2	96592825	97647012	77842	0.899154958748623
2	97684093	97684293	300	0.483378474962812
2	97691664	102957317	186173	0.906352366368086
2	102957683	102957783	200	0.432836120517312
2	102958582	106921445	54671	0.902912062846119
2	106921545	106961058	127	1.86021601098717
2	106961158	173659853	1355982	0.903058292085202
2	173659953	173660034	99	1.60550417385103
2	173662155	198244933	655784	0.921264015084563
2	198245033	198245254	139	1.68606808557201
2	198245354	210674192	384585	0.911085669530651
2	210678572	210777280	446	1.3677873036255
2	210786881	220082985	287678	0.906079302835983
2	220083241	220083341	200	0.409388584723411
2	220084986	243064484	679435	0.893392651450113
3	361425	3216926	41370	0.950052949582421
3	3217004	3221356	166	1.84397304361151
3	3886218	13413360	276889	0.917084124568626
3	13413460	13413523	69	2.12542068226816
3	13415070	14171053	16474	0.925144147616701
3	14171153	14171165	27	2.04119389712695
3	14172146	14581688	20591	0.91015387460999
3	14581788	14581852	81	1.84531243932549
3	14614270	27335161	192462	0.930695378867191
3	27337028	27338536	300	0.471570234784237
3	27338636	33633999	117746	0.934400236715114
3	33638045	33641259	263	0.469615043450279
3	33643893	38616953	155565	0.933870517064202
3	38618181	38621020	287	1.65908694329541
3	38622311	43345282	174221	0.936368525319014
3	43345370	43345398	33	2.2427094415947
3	43373535	52417773	674843	0.918533124864958
3	52417873	52422418	1203	1.42340589174855
3	52422518	52439320	8799	0.920988128210699
3	52439407	52439422	23	2.3661187737139
3	52439698	88368131	552282	0.924101323843706
3	88650261	88650372	122	1.81666403316584
3	88650387	90310634	15568	0.934537722746449
3	93592934	130427287	958156	0.930890690079658
3	130427387	130435101	173	1.4883583117796
3	130435201	138497340	244265	0.928926525994908
3	138497440	138497640	230	2.030885345926
3	138543772	143214326	132875	0.94072132413852
3	143222204	143222269	118	0.471158146277996
3	143222322	149042802	68474	0.956442482336299
3	149047322	149047422	200	0.409452794838371
3	149048028	169646476	329507	0.94085508780541
3	169646505	169649654	24	2.42958553972239
3	169649671	197847806	731999	0.931250826134405
4	36785	10105495	380285	0.914112907550772
4	10117623	10186642	386	1.62105722107715
4	10250820	49659673	525894	0.927367599420229
4	52729485	190989634	2340583	0.933336973084058
5	58224	45695882	778630	1.19622045008927
5	49440062	70672206	357742	1.2000387489462
5	70672275	70672327	62	2.757841565516
5	70751814	74041773	98244	1.19065490158538
5	74041873	74041973	126	3.01267029855292
5	74043407	180722012	2535267	1.1842086473814
6	203463	7411776	130522	0.94192906039142
6	7413012	7413212	243	0.506701710966069
6	7414353	30951868	641324	0.916071004169617
6	30951931	30951957	30	2.22168597288386
6	30953886	32182081	213980	0.912513321632827
6	32183087	32184481	218	1.79879383689181
6	32184581	34741505	186247	0.906170963732808
6	34789020	34789120	177	0.371356307346101
6	34789317	52938435	730748	0.917446918653639
6	52941274	52941318	89	2.45372474684542
6	52943494	58779371	138569	0.933719804869154
6	62390747	160828263	1883152	0.936393140211828
6	160828321	160828372	67	2.21354824458344
6	160829618	170892846	186321	0.923913882904413
7	195508	12270730	301236	1.18397084447207
7	12270830	12270852	36	3.01686860588435
7	12271339	57929381	933554	1.19087142311666
7	61083488	72712053	191338	1.17916746246344
7	72712147	72714570	138	2.32563061712958
7	72714670	74323125	92694	1.16803312527989
7	74323225	74325460	209	2.69403293815562
7	74325563	101926424	854025	1.13290211601715
7	101943749	101943971	219	2.44413773532551
7	101950034	102235802	15977	1.10049659275658
7	102246359	102246459	200	0.518971318549142
7	102257068	130020415	623420	1.15561203775796
7	130020831	130021031	286	0.602592416038258
7	130021484	133314948	65796	1.13968227175653
7	133412259	133417579	285	1.90277674669453
7	133417679	149515618	521073	1.14999862686789
7	149515690	149519269	687	1.77723590737748
7	149519582	159026126	261350	1.13536252686096
8	116438	42403925	921007	0.907094254707896
8	42403999	42407849	386	1.23640153957991
8	42552530	43838651	36913	0.945303387551385
8	46841616	146279605	1653890	0.94665915232851
9	14650	15971887	289293	0.92667530544593
9	15971966	16271661	149	1.73688124571084
9	16418810	32544242	200417	0.920785222173653
9	32544342	32550920	340	1.51716171686338
9	32553767	44114919	383594	0.909754163681176
9	44115019	44115052	45	2.00793760755778
9	44118214	45424399	6256	0.948019694184653
9	65505601	99582068	682726	0.917189902957155
9	99589275	99589497	240	1.70638890234188
9	99607010	131198035	967148	0.915437115850939
9	131198165	131198180	27	2.16317432973944
9	131207190	132484613	109842	0.912265710875954
9	132510884	132511084	234	2.26051087679773
9	132514900	136671212	237733	0.906729104969191
9	136672285	136672385	200	0.400353843841962
9	136674070	139008625	71840	0.91599043655824
9	139090529	139090615	120	1.97258884353153
9	139091489	141071851	179057	0.92655971202954
