chrom	position	tumor_var_freq
14	106452833	0.4349
12	113440906	0.3132
17	61843397	0.3077
17	39727603	0.3072
5	140725113	0.4274
4	6062186	0.2947
7	107188718	0.2349
5	110837624	0.2413
5	132032350	0.3641
7	63459400	0.5304
17	75190903	0.2727
19	56388508	0.2766
5	134164394	0.4783
12	57114467	0.2932
6	31842678	0.2738
11	67554626	0.2969
3	118645007	0.2955
4	57221362	0.2519
9	88938810	0.2818
11	102678417	0.4103
1	214576348	0.314
19	14160024	0.3288
10	5488669	0.2414
1	22965590	0.2299
15	24921327	0.3036
3	178936082	0.2247
3	167045700	0.3387
9	21420364	0.3276
13	21835030	0.4571
11	67555869	0.3962
1	43904393	0.2687
11	61646061	0.2623
19	58004115	0.2667
5	3276517	0.5185
17	78291022	0.2692
3	30875492	0.3056
19	27736145	0.3871
5	31422806	0.2692
20	50803488	0.2075
16	55862571	0.24
4	39874689	0.2564
6	167592606	0.3214
1	16455860	0.2727
6	167592605	0.3
2	92028523	0.2667
2	92028527	0.2424
1	31124547	0.2857
19	15291055	0.2143
2	89879941	0.2069
19	21512159	0.2
12	40842427	0.25
GL000225.1	79118	0.24
2	92313030	0.2174
3	75680088	0.2
GL000218.1	53574	0.24
16	87448068	0.2
9	75085825	0.2273
16	33943674	0.2273
GL000225.1	79113	0.2
6	167592601	0.2
Y	13478251	0.2
5	1192309	0.2
10	42356796	0.2
